{
 "cells": [
  {
   "cell_type": "code",
   "execution_count": 5,
   "id": "5334d139",
   "metadata": {},
   "outputs": [],
   "source": [
    "import numpy as np\n",
    "import pandas as pd\n",
    "import yfinance as yf"
   ]
  },
  {
   "cell_type": "code",
   "execution_count": 6,
   "id": "3c51a58e",
   "metadata": {},
   "outputs": [],
   "source": [
    "stocks = [\"RELIANCE.NS\",\"HDFCBANK.NS\",\"ICICIBANK.NS\",\"INFY.NS\",\"ITC.NS\",\n",
    "                \"TCS.NS\",\"AXISBANK.NS\",\"KOTAKBANK.NS\",\"HINDUNILVR.NS\",\n",
    "                \"SBIN.NS\",\"BHARTIARTL.NS\",\"BAJFINANCE.NS\",\"ASIANPAINT.NS\",\"M&M.NS\",\n",
    "                \"MARUTI.NS\",\"HCLTECH.NS\",\"SUNPHARMA.NS\",\"LTIM.NS\",\"TATAMOTORS.NS\",\"ULTRACEMCO.NS\"]"
   ]
  },
  {
   "cell_type": "code",
   "execution_count": 7,
   "id": "74c26cb6",
   "metadata": {},
   "outputs": [
    {
     "name": "stdout",
     "output_type": "stream",
     "text": [
      "[*********************100%***********************]  20 of 20 completed\n"
     ]
    }
   ],
   "source": [
    "data = yf.download(stocks, start=\"2018-01-01\", end=\"2023-01-01\")['Adj Close']\n"
   ]
  },
  {
   "cell_type": "code",
   "execution_count": 8,
   "id": "74018172",
   "metadata": {},
   "outputs": [],
   "source": [
    "returns = data.pct_change().dropna()"
   ]
  },
  {
   "cell_type": "code",
   "execution_count": 9,
   "id": "c4d4e00e",
   "metadata": {},
   "outputs": [],
   "source": [
    "correlation_matrix = returns.corr()"
   ]
  },
  {
   "cell_type": "code",
   "execution_count": 10,
   "id": "59c72ba9",
   "metadata": {
    "scrolled": true
   },
   "outputs": [
    {
     "data": {
      "text/html": [
       "<div>\n",
       "<style scoped>\n",
       "    .dataframe tbody tr th:only-of-type {\n",
       "        vertical-align: middle;\n",
       "    }\n",
       "\n",
       "    .dataframe tbody tr th {\n",
       "        vertical-align: top;\n",
       "    }\n",
       "\n",
       "    .dataframe thead th {\n",
       "        text-align: right;\n",
       "    }\n",
       "</style>\n",
       "<table border=\"1\" class=\"dataframe\">\n",
       "  <thead>\n",
       "    <tr style=\"text-align: right;\">\n",
       "      <th></th>\n",
       "      <th>ASIANPAINT.NS</th>\n",
       "      <th>AXISBANK.NS</th>\n",
       "      <th>BAJFINANCE.NS</th>\n",
       "      <th>BHARTIARTL.NS</th>\n",
       "      <th>HCLTECH.NS</th>\n",
       "      <th>HDFCBANK.NS</th>\n",
       "      <th>HINDUNILVR.NS</th>\n",
       "      <th>ICICIBANK.NS</th>\n",
       "      <th>INFY.NS</th>\n",
       "      <th>ITC.NS</th>\n",
       "      <th>KOTAKBANK.NS</th>\n",
       "      <th>LTIM.NS</th>\n",
       "      <th>M&amp;M.NS</th>\n",
       "      <th>MARUTI.NS</th>\n",
       "      <th>RELIANCE.NS</th>\n",
       "      <th>SBIN.NS</th>\n",
       "      <th>SUNPHARMA.NS</th>\n",
       "      <th>TATAMOTORS.NS</th>\n",
       "      <th>TCS.NS</th>\n",
       "      <th>ULTRACEMCO.NS</th>\n",
       "    </tr>\n",
       "  </thead>\n",
       "  <tbody>\n",
       "    <tr>\n",
       "      <th>ASIANPAINT.NS</th>\n",
       "      <td>1.000000</td>\n",
       "      <td>0.333946</td>\n",
       "      <td>0.375251</td>\n",
       "      <td>0.253176</td>\n",
       "      <td>0.247649</td>\n",
       "      <td>0.340529</td>\n",
       "      <td>0.469194</td>\n",
       "      <td>0.323242</td>\n",
       "      <td>0.260712</td>\n",
       "      <td>0.256290</td>\n",
       "      <td>0.368886</td>\n",
       "      <td>0.229911</td>\n",
       "      <td>0.332379</td>\n",
       "      <td>0.447085</td>\n",
       "      <td>0.353842</td>\n",
       "      <td>0.282777</td>\n",
       "      <td>0.180562</td>\n",
       "      <td>0.265485</td>\n",
       "      <td>0.241126</td>\n",
       "      <td>0.471003</td>\n",
       "    </tr>\n",
       "    <tr>\n",
       "      <th>AXISBANK.NS</th>\n",
       "      <td>0.333946</td>\n",
       "      <td>1.000000</td>\n",
       "      <td>0.524768</td>\n",
       "      <td>0.317474</td>\n",
       "      <td>0.217067</td>\n",
       "      <td>0.512832</td>\n",
       "      <td>0.295150</td>\n",
       "      <td>0.729914</td>\n",
       "      <td>0.269362</td>\n",
       "      <td>0.345988</td>\n",
       "      <td>0.484724</td>\n",
       "      <td>0.190142</td>\n",
       "      <td>0.444897</td>\n",
       "      <td>0.487871</td>\n",
       "      <td>0.393230</td>\n",
       "      <td>0.625069</td>\n",
       "      <td>0.232457</td>\n",
       "      <td>0.401811</td>\n",
       "      <td>0.248514</td>\n",
       "      <td>0.451295</td>\n",
       "    </tr>\n",
       "    <tr>\n",
       "      <th>BAJFINANCE.NS</th>\n",
       "      <td>0.375251</td>\n",
       "      <td>0.524768</td>\n",
       "      <td>1.000000</td>\n",
       "      <td>0.326856</td>\n",
       "      <td>0.227857</td>\n",
       "      <td>0.541986</td>\n",
       "      <td>0.328516</td>\n",
       "      <td>0.558723</td>\n",
       "      <td>0.273972</td>\n",
       "      <td>0.309812</td>\n",
       "      <td>0.547824</td>\n",
       "      <td>0.240916</td>\n",
       "      <td>0.458292</td>\n",
       "      <td>0.479037</td>\n",
       "      <td>0.381333</td>\n",
       "      <td>0.533926</td>\n",
       "      <td>0.225661</td>\n",
       "      <td>0.400382</td>\n",
       "      <td>0.217366</td>\n",
       "      <td>0.451907</td>\n",
       "    </tr>\n",
       "    <tr>\n",
       "      <th>BHARTIARTL.NS</th>\n",
       "      <td>0.253176</td>\n",
       "      <td>0.317474</td>\n",
       "      <td>0.326856</td>\n",
       "      <td>1.000000</td>\n",
       "      <td>0.214732</td>\n",
       "      <td>0.314187</td>\n",
       "      <td>0.226437</td>\n",
       "      <td>0.319495</td>\n",
       "      <td>0.213369</td>\n",
       "      <td>0.264237</td>\n",
       "      <td>0.272133</td>\n",
       "      <td>0.191813</td>\n",
       "      <td>0.310638</td>\n",
       "      <td>0.316807</td>\n",
       "      <td>0.286936</td>\n",
       "      <td>0.330200</td>\n",
       "      <td>0.231532</td>\n",
       "      <td>0.290297</td>\n",
       "      <td>0.185897</td>\n",
       "      <td>0.368512</td>\n",
       "    </tr>\n",
       "    <tr>\n",
       "      <th>HCLTECH.NS</th>\n",
       "      <td>0.247649</td>\n",
       "      <td>0.217067</td>\n",
       "      <td>0.227857</td>\n",
       "      <td>0.214732</td>\n",
       "      <td>1.000000</td>\n",
       "      <td>0.268184</td>\n",
       "      <td>0.285092</td>\n",
       "      <td>0.235869</td>\n",
       "      <td>0.617157</td>\n",
       "      <td>0.199549</td>\n",
       "      <td>0.217616</td>\n",
       "      <td>0.481251</td>\n",
       "      <td>0.254459</td>\n",
       "      <td>0.262059</td>\n",
       "      <td>0.316493</td>\n",
       "      <td>0.210152</td>\n",
       "      <td>0.219731</td>\n",
       "      <td>0.274765</td>\n",
       "      <td>0.598544</td>\n",
       "      <td>0.289491</td>\n",
       "    </tr>\n",
       "    <tr>\n",
       "      <th>HDFCBANK.NS</th>\n",
       "      <td>0.340529</td>\n",
       "      <td>0.512832</td>\n",
       "      <td>0.541986</td>\n",
       "      <td>0.314187</td>\n",
       "      <td>0.268184</td>\n",
       "      <td>1.000000</td>\n",
       "      <td>0.301189</td>\n",
       "      <td>0.591207</td>\n",
       "      <td>0.311664</td>\n",
       "      <td>0.328409</td>\n",
       "      <td>0.637425</td>\n",
       "      <td>0.207033</td>\n",
       "      <td>0.437123</td>\n",
       "      <td>0.451668</td>\n",
       "      <td>0.413448</td>\n",
       "      <td>0.501145</td>\n",
       "      <td>0.210780</td>\n",
       "      <td>0.352706</td>\n",
       "      <td>0.275148</td>\n",
       "      <td>0.439781</td>\n",
       "    </tr>\n",
       "    <tr>\n",
       "      <th>HINDUNILVR.NS</th>\n",
       "      <td>0.469194</td>\n",
       "      <td>0.295150</td>\n",
       "      <td>0.328516</td>\n",
       "      <td>0.226437</td>\n",
       "      <td>0.285092</td>\n",
       "      <td>0.301189</td>\n",
       "      <td>1.000000</td>\n",
       "      <td>0.272599</td>\n",
       "      <td>0.281889</td>\n",
       "      <td>0.264632</td>\n",
       "      <td>0.316610</td>\n",
       "      <td>0.189524</td>\n",
       "      <td>0.230488</td>\n",
       "      <td>0.367806</td>\n",
       "      <td>0.312458</td>\n",
       "      <td>0.228830</td>\n",
       "      <td>0.195863</td>\n",
       "      <td>0.183230</td>\n",
       "      <td>0.290381</td>\n",
       "      <td>0.364739</td>\n",
       "    </tr>\n",
       "    <tr>\n",
       "      <th>ICICIBANK.NS</th>\n",
       "      <td>0.323242</td>\n",
       "      <td>0.729914</td>\n",
       "      <td>0.558723</td>\n",
       "      <td>0.319495</td>\n",
       "      <td>0.235869</td>\n",
       "      <td>0.591207</td>\n",
       "      <td>0.272599</td>\n",
       "      <td>1.000000</td>\n",
       "      <td>0.284232</td>\n",
       "      <td>0.332794</td>\n",
       "      <td>0.508261</td>\n",
       "      <td>0.186573</td>\n",
       "      <td>0.452366</td>\n",
       "      <td>0.468540</td>\n",
       "      <td>0.394611</td>\n",
       "      <td>0.680834</td>\n",
       "      <td>0.260081</td>\n",
       "      <td>0.401433</td>\n",
       "      <td>0.246825</td>\n",
       "      <td>0.488571</td>\n",
       "    </tr>\n",
       "    <tr>\n",
       "      <th>INFY.NS</th>\n",
       "      <td>0.260712</td>\n",
       "      <td>0.269362</td>\n",
       "      <td>0.273972</td>\n",
       "      <td>0.213369</td>\n",
       "      <td>0.617157</td>\n",
       "      <td>0.311664</td>\n",
       "      <td>0.281889</td>\n",
       "      <td>0.284232</td>\n",
       "      <td>1.000000</td>\n",
       "      <td>0.202228</td>\n",
       "      <td>0.291081</td>\n",
       "      <td>0.472320</td>\n",
       "      <td>0.241253</td>\n",
       "      <td>0.241393</td>\n",
       "      <td>0.297809</td>\n",
       "      <td>0.240191</td>\n",
       "      <td>0.230486</td>\n",
       "      <td>0.258549</td>\n",
       "      <td>0.615312</td>\n",
       "      <td>0.280462</td>\n",
       "    </tr>\n",
       "    <tr>\n",
       "      <th>ITC.NS</th>\n",
       "      <td>0.256290</td>\n",
       "      <td>0.345988</td>\n",
       "      <td>0.309812</td>\n",
       "      <td>0.264237</td>\n",
       "      <td>0.199549</td>\n",
       "      <td>0.328409</td>\n",
       "      <td>0.264632</td>\n",
       "      <td>0.332794</td>\n",
       "      <td>0.202228</td>\n",
       "      <td>1.000000</td>\n",
       "      <td>0.313356</td>\n",
       "      <td>0.166393</td>\n",
       "      <td>0.326630</td>\n",
       "      <td>0.264889</td>\n",
       "      <td>0.276751</td>\n",
       "      <td>0.412385</td>\n",
       "      <td>0.252680</td>\n",
       "      <td>0.320536</td>\n",
       "      <td>0.208002</td>\n",
       "      <td>0.328009</td>\n",
       "    </tr>\n",
       "    <tr>\n",
       "      <th>KOTAKBANK.NS</th>\n",
       "      <td>0.368886</td>\n",
       "      <td>0.484724</td>\n",
       "      <td>0.547824</td>\n",
       "      <td>0.272133</td>\n",
       "      <td>0.217616</td>\n",
       "      <td>0.637425</td>\n",
       "      <td>0.316610</td>\n",
       "      <td>0.508261</td>\n",
       "      <td>0.291081</td>\n",
       "      <td>0.313356</td>\n",
       "      <td>1.000000</td>\n",
       "      <td>0.179938</td>\n",
       "      <td>0.383679</td>\n",
       "      <td>0.411917</td>\n",
       "      <td>0.376432</td>\n",
       "      <td>0.425374</td>\n",
       "      <td>0.213971</td>\n",
       "      <td>0.310332</td>\n",
       "      <td>0.248388</td>\n",
       "      <td>0.410240</td>\n",
       "    </tr>\n",
       "    <tr>\n",
       "      <th>LTIM.NS</th>\n",
       "      <td>0.229911</td>\n",
       "      <td>0.190142</td>\n",
       "      <td>0.240916</td>\n",
       "      <td>0.191813</td>\n",
       "      <td>0.481251</td>\n",
       "      <td>0.207033</td>\n",
       "      <td>0.189524</td>\n",
       "      <td>0.186573</td>\n",
       "      <td>0.472320</td>\n",
       "      <td>0.166393</td>\n",
       "      <td>0.179938</td>\n",
       "      <td>1.000000</td>\n",
       "      <td>0.236916</td>\n",
       "      <td>0.216242</td>\n",
       "      <td>0.253493</td>\n",
       "      <td>0.196556</td>\n",
       "      <td>0.216002</td>\n",
       "      <td>0.246621</td>\n",
       "      <td>0.398223</td>\n",
       "      <td>0.264741</td>\n",
       "    </tr>\n",
       "    <tr>\n",
       "      <th>M&amp;M.NS</th>\n",
       "      <td>0.332379</td>\n",
       "      <td>0.444897</td>\n",
       "      <td>0.458292</td>\n",
       "      <td>0.310638</td>\n",
       "      <td>0.254459</td>\n",
       "      <td>0.437123</td>\n",
       "      <td>0.230488</td>\n",
       "      <td>0.452366</td>\n",
       "      <td>0.241253</td>\n",
       "      <td>0.326630</td>\n",
       "      <td>0.383679</td>\n",
       "      <td>0.236916</td>\n",
       "      <td>1.000000</td>\n",
       "      <td>0.534935</td>\n",
       "      <td>0.372064</td>\n",
       "      <td>0.441794</td>\n",
       "      <td>0.279244</td>\n",
       "      <td>0.505486</td>\n",
       "      <td>0.266500</td>\n",
       "      <td>0.441780</td>\n",
       "    </tr>\n",
       "    <tr>\n",
       "      <th>MARUTI.NS</th>\n",
       "      <td>0.447085</td>\n",
       "      <td>0.487871</td>\n",
       "      <td>0.479037</td>\n",
       "      <td>0.316807</td>\n",
       "      <td>0.262059</td>\n",
       "      <td>0.451668</td>\n",
       "      <td>0.367806</td>\n",
       "      <td>0.468540</td>\n",
       "      <td>0.241393</td>\n",
       "      <td>0.264889</td>\n",
       "      <td>0.411917</td>\n",
       "      <td>0.216242</td>\n",
       "      <td>0.534935</td>\n",
       "      <td>1.000000</td>\n",
       "      <td>0.405820</td>\n",
       "      <td>0.433366</td>\n",
       "      <td>0.254332</td>\n",
       "      <td>0.468836</td>\n",
       "      <td>0.259512</td>\n",
       "      <td>0.485348</td>\n",
       "    </tr>\n",
       "    <tr>\n",
       "      <th>RELIANCE.NS</th>\n",
       "      <td>0.353842</td>\n",
       "      <td>0.393230</td>\n",
       "      <td>0.381333</td>\n",
       "      <td>0.286936</td>\n",
       "      <td>0.316493</td>\n",
       "      <td>0.413448</td>\n",
       "      <td>0.312458</td>\n",
       "      <td>0.394611</td>\n",
       "      <td>0.297809</td>\n",
       "      <td>0.276751</td>\n",
       "      <td>0.376432</td>\n",
       "      <td>0.253493</td>\n",
       "      <td>0.372064</td>\n",
       "      <td>0.405820</td>\n",
       "      <td>1.000000</td>\n",
       "      <td>0.372616</td>\n",
       "      <td>0.275136</td>\n",
       "      <td>0.372891</td>\n",
       "      <td>0.326172</td>\n",
       "      <td>0.386880</td>\n",
       "    </tr>\n",
       "    <tr>\n",
       "      <th>SBIN.NS</th>\n",
       "      <td>0.282777</td>\n",
       "      <td>0.625069</td>\n",
       "      <td>0.533926</td>\n",
       "      <td>0.330200</td>\n",
       "      <td>0.210152</td>\n",
       "      <td>0.501145</td>\n",
       "      <td>0.228830</td>\n",
       "      <td>0.680834</td>\n",
       "      <td>0.240191</td>\n",
       "      <td>0.412385</td>\n",
       "      <td>0.425374</td>\n",
       "      <td>0.196556</td>\n",
       "      <td>0.441794</td>\n",
       "      <td>0.433366</td>\n",
       "      <td>0.372616</td>\n",
       "      <td>1.000000</td>\n",
       "      <td>0.290233</td>\n",
       "      <td>0.466315</td>\n",
       "      <td>0.213783</td>\n",
       "      <td>0.484166</td>\n",
       "    </tr>\n",
       "    <tr>\n",
       "      <th>SUNPHARMA.NS</th>\n",
       "      <td>0.180562</td>\n",
       "      <td>0.232457</td>\n",
       "      <td>0.225661</td>\n",
       "      <td>0.231532</td>\n",
       "      <td>0.219731</td>\n",
       "      <td>0.210780</td>\n",
       "      <td>0.195863</td>\n",
       "      <td>0.260081</td>\n",
       "      <td>0.230486</td>\n",
       "      <td>0.252680</td>\n",
       "      <td>0.213971</td>\n",
       "      <td>0.216002</td>\n",
       "      <td>0.279244</td>\n",
       "      <td>0.254332</td>\n",
       "      <td>0.275136</td>\n",
       "      <td>0.290233</td>\n",
       "      <td>1.000000</td>\n",
       "      <td>0.277124</td>\n",
       "      <td>0.204352</td>\n",
       "      <td>0.282808</td>\n",
       "    </tr>\n",
       "    <tr>\n",
       "      <th>TATAMOTORS.NS</th>\n",
       "      <td>0.265485</td>\n",
       "      <td>0.401811</td>\n",
       "      <td>0.400382</td>\n",
       "      <td>0.290297</td>\n",
       "      <td>0.274765</td>\n",
       "      <td>0.352706</td>\n",
       "      <td>0.183230</td>\n",
       "      <td>0.401433</td>\n",
       "      <td>0.258549</td>\n",
       "      <td>0.320536</td>\n",
       "      <td>0.310332</td>\n",
       "      <td>0.246621</td>\n",
       "      <td>0.505486</td>\n",
       "      <td>0.468836</td>\n",
       "      <td>0.372891</td>\n",
       "      <td>0.466315</td>\n",
       "      <td>0.277124</td>\n",
       "      <td>1.000000</td>\n",
       "      <td>0.258445</td>\n",
       "      <td>0.389107</td>\n",
       "    </tr>\n",
       "    <tr>\n",
       "      <th>TCS.NS</th>\n",
       "      <td>0.241126</td>\n",
       "      <td>0.248514</td>\n",
       "      <td>0.217366</td>\n",
       "      <td>0.185897</td>\n",
       "      <td>0.598544</td>\n",
       "      <td>0.275148</td>\n",
       "      <td>0.290381</td>\n",
       "      <td>0.246825</td>\n",
       "      <td>0.615312</td>\n",
       "      <td>0.208002</td>\n",
       "      <td>0.248388</td>\n",
       "      <td>0.398223</td>\n",
       "      <td>0.266500</td>\n",
       "      <td>0.259512</td>\n",
       "      <td>0.326172</td>\n",
       "      <td>0.213783</td>\n",
       "      <td>0.204352</td>\n",
       "      <td>0.258445</td>\n",
       "      <td>1.000000</td>\n",
       "      <td>0.282104</td>\n",
       "    </tr>\n",
       "    <tr>\n",
       "      <th>ULTRACEMCO.NS</th>\n",
       "      <td>0.471003</td>\n",
       "      <td>0.451295</td>\n",
       "      <td>0.451907</td>\n",
       "      <td>0.368512</td>\n",
       "      <td>0.289491</td>\n",
       "      <td>0.439781</td>\n",
       "      <td>0.364739</td>\n",
       "      <td>0.488571</td>\n",
       "      <td>0.280462</td>\n",
       "      <td>0.328009</td>\n",
       "      <td>0.410240</td>\n",
       "      <td>0.264741</td>\n",
       "      <td>0.441780</td>\n",
       "      <td>0.485348</td>\n",
       "      <td>0.386880</td>\n",
       "      <td>0.484166</td>\n",
       "      <td>0.282808</td>\n",
       "      <td>0.389107</td>\n",
       "      <td>0.282104</td>\n",
       "      <td>1.000000</td>\n",
       "    </tr>\n",
       "  </tbody>\n",
       "</table>\n",
       "</div>"
      ],
      "text/plain": [
       "               ASIANPAINT.NS  AXISBANK.NS  BAJFINANCE.NS  BHARTIARTL.NS  \\\n",
       "ASIANPAINT.NS       1.000000     0.333946       0.375251       0.253176   \n",
       "AXISBANK.NS         0.333946     1.000000       0.524768       0.317474   \n",
       "BAJFINANCE.NS       0.375251     0.524768       1.000000       0.326856   \n",
       "BHARTIARTL.NS       0.253176     0.317474       0.326856       1.000000   \n",
       "HCLTECH.NS          0.247649     0.217067       0.227857       0.214732   \n",
       "HDFCBANK.NS         0.340529     0.512832       0.541986       0.314187   \n",
       "HINDUNILVR.NS       0.469194     0.295150       0.328516       0.226437   \n",
       "ICICIBANK.NS        0.323242     0.729914       0.558723       0.319495   \n",
       "INFY.NS             0.260712     0.269362       0.273972       0.213369   \n",
       "ITC.NS              0.256290     0.345988       0.309812       0.264237   \n",
       "KOTAKBANK.NS        0.368886     0.484724       0.547824       0.272133   \n",
       "LTIM.NS             0.229911     0.190142       0.240916       0.191813   \n",
       "M&M.NS              0.332379     0.444897       0.458292       0.310638   \n",
       "MARUTI.NS           0.447085     0.487871       0.479037       0.316807   \n",
       "RELIANCE.NS         0.353842     0.393230       0.381333       0.286936   \n",
       "SBIN.NS             0.282777     0.625069       0.533926       0.330200   \n",
       "SUNPHARMA.NS        0.180562     0.232457       0.225661       0.231532   \n",
       "TATAMOTORS.NS       0.265485     0.401811       0.400382       0.290297   \n",
       "TCS.NS              0.241126     0.248514       0.217366       0.185897   \n",
       "ULTRACEMCO.NS       0.471003     0.451295       0.451907       0.368512   \n",
       "\n",
       "               HCLTECH.NS  HDFCBANK.NS  HINDUNILVR.NS  ICICIBANK.NS   INFY.NS  \\\n",
       "ASIANPAINT.NS    0.247649     0.340529       0.469194      0.323242  0.260712   \n",
       "AXISBANK.NS      0.217067     0.512832       0.295150      0.729914  0.269362   \n",
       "BAJFINANCE.NS    0.227857     0.541986       0.328516      0.558723  0.273972   \n",
       "BHARTIARTL.NS    0.214732     0.314187       0.226437      0.319495  0.213369   \n",
       "HCLTECH.NS       1.000000     0.268184       0.285092      0.235869  0.617157   \n",
       "HDFCBANK.NS      0.268184     1.000000       0.301189      0.591207  0.311664   \n",
       "HINDUNILVR.NS    0.285092     0.301189       1.000000      0.272599  0.281889   \n",
       "ICICIBANK.NS     0.235869     0.591207       0.272599      1.000000  0.284232   \n",
       "INFY.NS          0.617157     0.311664       0.281889      0.284232  1.000000   \n",
       "ITC.NS           0.199549     0.328409       0.264632      0.332794  0.202228   \n",
       "KOTAKBANK.NS     0.217616     0.637425       0.316610      0.508261  0.291081   \n",
       "LTIM.NS          0.481251     0.207033       0.189524      0.186573  0.472320   \n",
       "M&M.NS           0.254459     0.437123       0.230488      0.452366  0.241253   \n",
       "MARUTI.NS        0.262059     0.451668       0.367806      0.468540  0.241393   \n",
       "RELIANCE.NS      0.316493     0.413448       0.312458      0.394611  0.297809   \n",
       "SBIN.NS          0.210152     0.501145       0.228830      0.680834  0.240191   \n",
       "SUNPHARMA.NS     0.219731     0.210780       0.195863      0.260081  0.230486   \n",
       "TATAMOTORS.NS    0.274765     0.352706       0.183230      0.401433  0.258549   \n",
       "TCS.NS           0.598544     0.275148       0.290381      0.246825  0.615312   \n",
       "ULTRACEMCO.NS    0.289491     0.439781       0.364739      0.488571  0.280462   \n",
       "\n",
       "                 ITC.NS  KOTAKBANK.NS   LTIM.NS    M&M.NS  MARUTI.NS  \\\n",
       "ASIANPAINT.NS  0.256290      0.368886  0.229911  0.332379   0.447085   \n",
       "AXISBANK.NS    0.345988      0.484724  0.190142  0.444897   0.487871   \n",
       "BAJFINANCE.NS  0.309812      0.547824  0.240916  0.458292   0.479037   \n",
       "BHARTIARTL.NS  0.264237      0.272133  0.191813  0.310638   0.316807   \n",
       "HCLTECH.NS     0.199549      0.217616  0.481251  0.254459   0.262059   \n",
       "HDFCBANK.NS    0.328409      0.637425  0.207033  0.437123   0.451668   \n",
       "HINDUNILVR.NS  0.264632      0.316610  0.189524  0.230488   0.367806   \n",
       "ICICIBANK.NS   0.332794      0.508261  0.186573  0.452366   0.468540   \n",
       "INFY.NS        0.202228      0.291081  0.472320  0.241253   0.241393   \n",
       "ITC.NS         1.000000      0.313356  0.166393  0.326630   0.264889   \n",
       "KOTAKBANK.NS   0.313356      1.000000  0.179938  0.383679   0.411917   \n",
       "LTIM.NS        0.166393      0.179938  1.000000  0.236916   0.216242   \n",
       "M&M.NS         0.326630      0.383679  0.236916  1.000000   0.534935   \n",
       "MARUTI.NS      0.264889      0.411917  0.216242  0.534935   1.000000   \n",
       "RELIANCE.NS    0.276751      0.376432  0.253493  0.372064   0.405820   \n",
       "SBIN.NS        0.412385      0.425374  0.196556  0.441794   0.433366   \n",
       "SUNPHARMA.NS   0.252680      0.213971  0.216002  0.279244   0.254332   \n",
       "TATAMOTORS.NS  0.320536      0.310332  0.246621  0.505486   0.468836   \n",
       "TCS.NS         0.208002      0.248388  0.398223  0.266500   0.259512   \n",
       "ULTRACEMCO.NS  0.328009      0.410240  0.264741  0.441780   0.485348   \n",
       "\n",
       "               RELIANCE.NS   SBIN.NS  SUNPHARMA.NS  TATAMOTORS.NS    TCS.NS  \\\n",
       "ASIANPAINT.NS     0.353842  0.282777      0.180562       0.265485  0.241126   \n",
       "AXISBANK.NS       0.393230  0.625069      0.232457       0.401811  0.248514   \n",
       "BAJFINANCE.NS     0.381333  0.533926      0.225661       0.400382  0.217366   \n",
       "BHARTIARTL.NS     0.286936  0.330200      0.231532       0.290297  0.185897   \n",
       "HCLTECH.NS        0.316493  0.210152      0.219731       0.274765  0.598544   \n",
       "HDFCBANK.NS       0.413448  0.501145      0.210780       0.352706  0.275148   \n",
       "HINDUNILVR.NS     0.312458  0.228830      0.195863       0.183230  0.290381   \n",
       "ICICIBANK.NS      0.394611  0.680834      0.260081       0.401433  0.246825   \n",
       "INFY.NS           0.297809  0.240191      0.230486       0.258549  0.615312   \n",
       "ITC.NS            0.276751  0.412385      0.252680       0.320536  0.208002   \n",
       "KOTAKBANK.NS      0.376432  0.425374      0.213971       0.310332  0.248388   \n",
       "LTIM.NS           0.253493  0.196556      0.216002       0.246621  0.398223   \n",
       "M&M.NS            0.372064  0.441794      0.279244       0.505486  0.266500   \n",
       "MARUTI.NS         0.405820  0.433366      0.254332       0.468836  0.259512   \n",
       "RELIANCE.NS       1.000000  0.372616      0.275136       0.372891  0.326172   \n",
       "SBIN.NS           0.372616  1.000000      0.290233       0.466315  0.213783   \n",
       "SUNPHARMA.NS      0.275136  0.290233      1.000000       0.277124  0.204352   \n",
       "TATAMOTORS.NS     0.372891  0.466315      0.277124       1.000000  0.258445   \n",
       "TCS.NS            0.326172  0.213783      0.204352       0.258445  1.000000   \n",
       "ULTRACEMCO.NS     0.386880  0.484166      0.282808       0.389107  0.282104   \n",
       "\n",
       "               ULTRACEMCO.NS  \n",
       "ASIANPAINT.NS       0.471003  \n",
       "AXISBANK.NS         0.451295  \n",
       "BAJFINANCE.NS       0.451907  \n",
       "BHARTIARTL.NS       0.368512  \n",
       "HCLTECH.NS          0.289491  \n",
       "HDFCBANK.NS         0.439781  \n",
       "HINDUNILVR.NS       0.364739  \n",
       "ICICIBANK.NS        0.488571  \n",
       "INFY.NS             0.280462  \n",
       "ITC.NS              0.328009  \n",
       "KOTAKBANK.NS        0.410240  \n",
       "LTIM.NS             0.264741  \n",
       "M&M.NS              0.441780  \n",
       "MARUTI.NS           0.485348  \n",
       "RELIANCE.NS         0.386880  \n",
       "SBIN.NS             0.484166  \n",
       "SUNPHARMA.NS        0.282808  \n",
       "TATAMOTORS.NS       0.389107  \n",
       "TCS.NS              0.282104  \n",
       "ULTRACEMCO.NS       1.000000  "
      ]
     },
     "execution_count": 10,
     "metadata": {},
     "output_type": "execute_result"
    }
   ],
   "source": [
    "correlation_matrix"
   ]
  },
  {
   "cell_type": "code",
   "execution_count": 11,
   "id": "505d9abb",
   "metadata": {},
   "outputs": [],
   "source": [
    "top_pairs = correlation_matrix.unstack().sort_values(ascending=True)"
   ]
  },
  {
   "cell_type": "code",
   "execution_count": 12,
   "id": "528f0bf1",
   "metadata": {},
   "outputs": [
    {
     "data": {
      "text/plain": [
       "ITC.NS         LTIM.NS          0.166393\n",
       "LTIM.NS        ITC.NS           0.166393\n",
       "               KOTAKBANK.NS     0.179938\n",
       "KOTAKBANK.NS   LTIM.NS          0.179938\n",
       "SUNPHARMA.NS   ASIANPAINT.NS    0.180562\n",
       "                                  ...   \n",
       "RELIANCE.NS    RELIANCE.NS      1.000000\n",
       "SBIN.NS        SBIN.NS          1.000000\n",
       "SUNPHARMA.NS   SUNPHARMA.NS     1.000000\n",
       "ITC.NS         ITC.NS           1.000000\n",
       "ULTRACEMCO.NS  ULTRACEMCO.NS    1.000000\n",
       "Length: 400, dtype: float64"
      ]
     },
     "execution_count": 12,
     "metadata": {},
     "output_type": "execute_result"
    }
   ],
   "source": [
    "top_pairs"
   ]
  },
  {
   "cell_type": "code",
   "execution_count": 13,
   "id": "a0f84075",
   "metadata": {},
   "outputs": [],
   "source": [
    "top_pairs=top_pairs.drop_duplicates()"
   ]
  },
  {
   "cell_type": "code",
   "execution_count": 14,
   "id": "10aa8be7",
   "metadata": {
    "scrolled": true
   },
   "outputs": [],
   "source": [
    "top_pairs=top_pairs.head(20)"
   ]
  },
  {
   "cell_type": "code",
   "execution_count": 15,
   "id": "4673a659",
   "metadata": {},
   "outputs": [
    {
     "data": {
      "text/plain": [
       "ITC.NS         LTIM.NS          0.166393\n",
       "LTIM.NS        KOTAKBANK.NS     0.179938\n",
       "SUNPHARMA.NS   ASIANPAINT.NS    0.180562\n",
       "TATAMOTORS.NS  HINDUNILVR.NS    0.183230\n",
       "TCS.NS         BHARTIARTL.NS    0.185897\n",
       "LTIM.NS        ICICIBANK.NS     0.186573\n",
       "               HINDUNILVR.NS    0.189524\n",
       "AXISBANK.NS    LTIM.NS          0.190142\n",
       "BHARTIARTL.NS  LTIM.NS          0.191813\n",
       "HINDUNILVR.NS  SUNPHARMA.NS     0.195863\n",
       "SBIN.NS        LTIM.NS          0.196556\n",
       "ITC.NS         HCLTECH.NS       0.199549\n",
       "INFY.NS        ITC.NS           0.202228\n",
       "TCS.NS         SUNPHARMA.NS     0.204352\n",
       "LTIM.NS        HDFCBANK.NS      0.207033\n",
       "TCS.NS         ITC.NS           0.208002\n",
       "HCLTECH.NS     SBIN.NS          0.210152\n",
       "SUNPHARMA.NS   HDFCBANK.NS      0.210780\n",
       "BHARTIARTL.NS  INFY.NS          0.213369\n",
       "SBIN.NS        TCS.NS           0.213783\n",
       "dtype: float64"
      ]
     },
     "execution_count": 15,
     "metadata": {},
     "output_type": "execute_result"
    }
   ],
   "source": [
    "top_pairs"
   ]
  },
  {
   "cell_type": "code",
   "execution_count": 16,
   "id": "764fbb1b",
   "metadata": {},
   "outputs": [],
   "source": [
    "reqlist=[]\n",
    "for  pair in top_pairs.index:\n",
    "    stock1, stock2 = pair\n",
    "    reqlist.append(stock1)\n",
    "    reqlist.append(stock2)"
   ]
  },
  {
   "cell_type": "code",
   "execution_count": 17,
   "id": "6549c553",
   "metadata": {},
   "outputs": [
    {
     "data": {
      "text/html": [
       "<div>\n",
       "<style scoped>\n",
       "    .dataframe tbody tr th:only-of-type {\n",
       "        vertical-align: middle;\n",
       "    }\n",
       "\n",
       "    .dataframe tbody tr th {\n",
       "        vertical-align: top;\n",
       "    }\n",
       "\n",
       "    .dataframe thead th {\n",
       "        text-align: right;\n",
       "    }\n",
       "</style>\n",
       "<table border=\"1\" class=\"dataframe\">\n",
       "  <thead>\n",
       "    <tr style=\"text-align: right;\">\n",
       "      <th></th>\n",
       "    </tr>\n",
       "    <tr>\n",
       "      <th>Stock</th>\n",
       "    </tr>\n",
       "  </thead>\n",
       "  <tbody>\n",
       "    <tr>\n",
       "      <th>ITC.NS</th>\n",
       "    </tr>\n",
       "    <tr>\n",
       "      <th>LTIM.NS</th>\n",
       "    </tr>\n",
       "    <tr>\n",
       "      <th>KOTAKBANK.NS</th>\n",
       "    </tr>\n",
       "    <tr>\n",
       "      <th>SUNPHARMA.NS</th>\n",
       "    </tr>\n",
       "    <tr>\n",
       "      <th>ASIANPAINT.NS</th>\n",
       "    </tr>\n",
       "    <tr>\n",
       "      <th>TATAMOTORS.NS</th>\n",
       "    </tr>\n",
       "    <tr>\n",
       "      <th>HINDUNILVR.NS</th>\n",
       "    </tr>\n",
       "    <tr>\n",
       "      <th>TCS.NS</th>\n",
       "    </tr>\n",
       "    <tr>\n",
       "      <th>BHARTIARTL.NS</th>\n",
       "    </tr>\n",
       "    <tr>\n",
       "      <th>ICICIBANK.NS</th>\n",
       "    </tr>\n",
       "  </tbody>\n",
       "</table>\n",
       "</div>"
      ],
      "text/plain": [
       "Empty DataFrame\n",
       "Columns: []\n",
       "Index: [ITC.NS, LTIM.NS, KOTAKBANK.NS, SUNPHARMA.NS, ASIANPAINT.NS, TATAMOTORS.NS, HINDUNILVR.NS, TCS.NS, BHARTIARTL.NS, ICICIBANK.NS]"
      ]
     },
     "execution_count": 17,
     "metadata": {},
     "output_type": "execute_result"
    }
   ],
   "source": [
    "reqlist_df = pd.DataFrame(reqlist, columns=['Stock'])\n",
    "reqlist_df = reqlist_df.drop_duplicates(subset='Stock')\n",
    "reqlist_df.set_index('Stock', inplace=True)\n",
    "reqlist_df=reqlist_df.head(10)\n",
    "reqlist_df"
   ]
  },
  {
   "cell_type": "code",
   "execution_count": 18,
   "id": "2b031e43",
   "metadata": {},
   "outputs": [],
   "source": [
    "means_list = []\n",
    "for stock in reqlist_df.index:\n",
    "    mean_stock = correlation_matrix.loc[stock, reqlist_df.index].mean()\n",
    "    means_list.append((stock, mean_stock))  "
   ]
  },
  {
   "cell_type": "code",
   "execution_count": 19,
   "id": "b6c3cc45",
   "metadata": {},
   "outputs": [
    {
     "data": {
      "text/plain": [
       "[('ITC.NS', 0.33789213007609015),\n",
       " ('LTIM.NS', 0.3004999240382446),\n",
       " ('KOTAKBANK.NS', 0.37318759828434594),\n",
       " ('SUNPHARMA.NS', 0.3032168418174501),\n",
       " ('ASIANPAINT.NS', 0.3587872756084755),\n",
       " ('TATAMOTORS.NS', 0.35535031061591027),\n",
       " ('HINDUNILVR.NS', 0.3408471148918175),\n",
       " ('TCS.NS', 0.3281640742349011),\n",
       " ('BHARTIARTL.NS', 0.32350167121991946),\n",
       " ('ICICIBANK.NS', 0.38513038270812733)]"
      ]
     },
     "execution_count": 19,
     "metadata": {},
     "output_type": "execute_result"
    }
   ],
   "source": [
    "means_list"
   ]
  },
  {
   "cell_type": "code",
   "execution_count": 20,
   "id": "3863f427",
   "metadata": {},
   "outputs": [],
   "source": [
    "df = pd.DataFrame(means_list, columns=['Stock', 'Mean'])"
   ]
  },
  {
   "cell_type": "code",
   "execution_count": 21,
   "id": "a97ac422",
   "metadata": {},
   "outputs": [],
   "source": [
    "df = df.drop_duplicates(subset='Stock').sort_values(by='Mean')\n",
    "df.set_index('Stock', inplace=True)"
   ]
  },
  {
   "cell_type": "code",
   "execution_count": 22,
   "id": "4f73c9ff",
   "metadata": {},
   "outputs": [
    {
     "data": {
      "text/html": [
       "<div>\n",
       "<style scoped>\n",
       "    .dataframe tbody tr th:only-of-type {\n",
       "        vertical-align: middle;\n",
       "    }\n",
       "\n",
       "    .dataframe tbody tr th {\n",
       "        vertical-align: top;\n",
       "    }\n",
       "\n",
       "    .dataframe thead th {\n",
       "        text-align: right;\n",
       "    }\n",
       "</style>\n",
       "<table border=\"1\" class=\"dataframe\">\n",
       "  <thead>\n",
       "    <tr style=\"text-align: right;\">\n",
       "      <th></th>\n",
       "      <th>Mean</th>\n",
       "    </tr>\n",
       "    <tr>\n",
       "      <th>Stock</th>\n",
       "      <th></th>\n",
       "    </tr>\n",
       "  </thead>\n",
       "  <tbody>\n",
       "    <tr>\n",
       "      <th>LTIM.NS</th>\n",
       "      <td>0.300500</td>\n",
       "    </tr>\n",
       "    <tr>\n",
       "      <th>SUNPHARMA.NS</th>\n",
       "      <td>0.303217</td>\n",
       "    </tr>\n",
       "    <tr>\n",
       "      <th>BHARTIARTL.NS</th>\n",
       "      <td>0.323502</td>\n",
       "    </tr>\n",
       "    <tr>\n",
       "      <th>TCS.NS</th>\n",
       "      <td>0.328164</td>\n",
       "    </tr>\n",
       "    <tr>\n",
       "      <th>ITC.NS</th>\n",
       "      <td>0.337892</td>\n",
       "    </tr>\n",
       "    <tr>\n",
       "      <th>HINDUNILVR.NS</th>\n",
       "      <td>0.340847</td>\n",
       "    </tr>\n",
       "    <tr>\n",
       "      <th>TATAMOTORS.NS</th>\n",
       "      <td>0.355350</td>\n",
       "    </tr>\n",
       "    <tr>\n",
       "      <th>ASIANPAINT.NS</th>\n",
       "      <td>0.358787</td>\n",
       "    </tr>\n",
       "    <tr>\n",
       "      <th>KOTAKBANK.NS</th>\n",
       "      <td>0.373188</td>\n",
       "    </tr>\n",
       "    <tr>\n",
       "      <th>ICICIBANK.NS</th>\n",
       "      <td>0.385130</td>\n",
       "    </tr>\n",
       "  </tbody>\n",
       "</table>\n",
       "</div>"
      ],
      "text/plain": [
       "                   Mean\n",
       "Stock                  \n",
       "LTIM.NS        0.300500\n",
       "SUNPHARMA.NS   0.303217\n",
       "BHARTIARTL.NS  0.323502\n",
       "TCS.NS         0.328164\n",
       "ITC.NS         0.337892\n",
       "HINDUNILVR.NS  0.340847\n",
       "TATAMOTORS.NS  0.355350\n",
       "ASIANPAINT.NS  0.358787\n",
       "KOTAKBANK.NS   0.373188\n",
       "ICICIBANK.NS   0.385130"
      ]
     },
     "execution_count": 22,
     "metadata": {},
     "output_type": "execute_result"
    }
   ],
   "source": [
    "df"
   ]
  },
  {
   "cell_type": "code",
   "execution_count": 23,
   "id": "e2e2123c",
   "metadata": {},
   "outputs": [
    {
     "name": "stdout",
     "output_type": "stream",
     "text": [
      "The five most uncorrelated stocks are:\n",
      "                    Mean\n",
      "Stock                  \n",
      "LTIM.NS        0.300500\n",
      "SUNPHARMA.NS   0.303217\n",
      "BHARTIARTL.NS  0.323502\n",
      "TCS.NS         0.328164\n",
      "ITC.NS         0.337892\n"
     ]
    }
   ],
   "source": [
    "print(\"The five most uncorrelated stocks are:\\n\" , df.head(5))"
   ]
  },
  {
   "cell_type": "code",
   "execution_count": 24,
   "id": "2085dbe6",
   "metadata": {},
   "outputs": [],
   "source": [
    "df=df.head(5)"
   ]
  },
  {
   "cell_type": "code",
   "execution_count": 25,
   "id": "1b47c30f",
   "metadata": {},
   "outputs": [],
   "source": [
    "new=correlation_matrix.loc[df.index, df.index]"
   ]
  },
  {
   "cell_type": "code",
   "execution_count": 26,
   "id": "7c86ff39",
   "metadata": {},
   "outputs": [
    {
     "data": {
      "text/html": [
       "<div>\n",
       "<style scoped>\n",
       "    .dataframe tbody tr th:only-of-type {\n",
       "        vertical-align: middle;\n",
       "    }\n",
       "\n",
       "    .dataframe tbody tr th {\n",
       "        vertical-align: top;\n",
       "    }\n",
       "\n",
       "    .dataframe thead th {\n",
       "        text-align: right;\n",
       "    }\n",
       "</style>\n",
       "<table border=\"1\" class=\"dataframe\">\n",
       "  <thead>\n",
       "    <tr style=\"text-align: right;\">\n",
       "      <th>Stock</th>\n",
       "      <th>LTIM.NS</th>\n",
       "      <th>SUNPHARMA.NS</th>\n",
       "      <th>BHARTIARTL.NS</th>\n",
       "      <th>TCS.NS</th>\n",
       "      <th>ITC.NS</th>\n",
       "    </tr>\n",
       "    <tr>\n",
       "      <th>Stock</th>\n",
       "      <th></th>\n",
       "      <th></th>\n",
       "      <th></th>\n",
       "      <th></th>\n",
       "      <th></th>\n",
       "    </tr>\n",
       "  </thead>\n",
       "  <tbody>\n",
       "    <tr>\n",
       "      <th>LTIM.NS</th>\n",
       "      <td>1.000000</td>\n",
       "      <td>0.216002</td>\n",
       "      <td>0.191813</td>\n",
